p cnf 160 365
1 2 3 4 5 6 7 8 9 10 11 12 13 14 15 16 17 18 19 20 21 22 23 24 25 26 27 28 29 30 31 32 0
33 34 35 36 37 38 39 40 41 42 43 44 45 46 47 48 49 50 51 52 53 54 55 56 57 58 59 60 61 62 63 64 0
65 66 67 68 69 70 71 72 73 74 75 76 77 78 79 80 81 82 83 84 85 86 87 88 89 90 91 92 93 94 95 96 0
97 98 99 100 101 102 103 104 105 106 107 108 109 110 111 112 113 114 115 116 117 118 119 120 121 122 123 124 125 126 127 128 0
129 130 131 132 133 134 135 136 137 138 139 140 141 142 143 144 145 146 147 148 149 150 151 152 153 154 155 156 157 158 159 160 0
-1 -33 0
-1 -65 0
-1 -97 0
-1 -129 0
-33 -65 0
-33 -97 0
-33 -129 0
-65 -97 0
-65 -129 0
-97 -129 0
-2 -34 0
-2 -66 0
-2 -98 0
-2 -130 0
-34 -66 0
-34 -98 0
-34 -130 0
-66 -98 0
-66 -130 0
-98 -130 0
-3 -35 0
-3 -67 0
-3 -99 0
-3 -131 0
-35 -67 0
-35 -99 0
-35 -131 0
-67 -99 0
-67 -131 0
-99 -131 0
-4 -36 0
-4 -68 0
-4 -100 0
-4 -132 0
-36 -68 0
-36 -100 0
-36 -132 0
-68 -100 0
-68 -132 0
-100 -132 0
-5 -37 0
-5 -69 0
-5 -101 0
-5 -133 0
-37 -69 0
-37 -101 0
-37 -133 0
-69 -101 0
-69 -133 0
-101 -133 0
-6 -38 0
-6 -70 0
-6 -102 0
-6 -134 0
-38 -70 0
-38 -102 0
-38 -134 0
-70 -102 0
-70 -134 0
-102 -134 0
-7 -39 0
-7 -71 0
-7 -103 0
-7 -135 0
-39 -71 0
-39 -103 0
-39 -135 0
-71 -103 0
-71 -135 0
-103 -135 0
-8 -40 0
-8 -72 0
-8 -104 0
-8 -136 0
-40 -72 0
-40 -104 0
-40 -136 0
-72 -104 0
-72 -136 0
-104 -136 0
-9 -41 0
-9 -73 0
-9 -105 0
-9 -137 0
-41 -73 0
-41 -105 0
-41 -137 0
-73 -105 0
-73 -137 0
-105 -137 0
-10 -42 0
-10 -74 0
-10 -106 0
-10 -138 0
-42 -74 0
-42 -106 0
-42 -138 0
-74 -106 0
-74 -138 0
-106 -138 0
-11 -43 0
-11 -75 0
-11 -107 0
-11 -139 0
-43 -75 0
-43 -107 0
-43 -139 0
-75 -107 0
-75 -139 0
-107 -139 0
-12 -44 0
-12 -76 0
-12 -108 0
-12 -140 0
-44 -76 0
-44 -108 0
-44 -140 0
-76 -108 0
-76 -140 0
-108 -140 0
-13 -45 0
-13 -77 0
-13 -109 0
-13 -141 0
-45 -77 0
-45 -109 0
-45 -141 0
-77 -109 0
-77 -141 0
-109 -141 0
-14 -46 0
-14 -78 0
-14 -110 0
-14 -142 0
-46 -78 0
-46 -110 0
-46 -142 0
-78 -110 0
-78 -142 0
-110 -142 0
-15 -47 0
-15 -79 0
-15 -111 0
-15 -143 0
-47 -79 0
-47 -111 0
-47 -143 0
-79 -111 0
-79 -143 0
-111 -143 0
-16 -48 0
-16 -80 0
-16 -112 0
-16 -144 0
-48 -80 0
-48 -112 0
-48 -144 0
-80 -112 0
-80 -144 0
-112 -144 0
-17 -49 0
-17 -81 0
-17 -113 0
-17 -145 0
-49 -81 0
-49 -113 0
-49 -145 0
-81 -113 0
-81 -145 0
-113 -145 0
-18 -50 0
-18 -82 0
-18 -114 0
-18 -146 0
-50 -82 0
-50 -114 0
-50 -146 0
-82 -114 0
-82 -146 0
-114 -146 0
-19 -51 0
-19 -83 0
-19 -115 0
-19 -147 0
-51 -83 0
-51 -115 0
-51 -147 0
-83 -115 0
-83 -147 0
-115 -147 0
-20 -52 0
-20 -84 0
-20 -116 0
-20 -148 0
-52 -84 0
-52 -116 0
-52 -148 0
-84 -116 0
-84 -148 0
-116 -148 0
-21 -53 0
-21 -85 0
-21 -117 0
-21 -149 0
-53 -85 0
-53 -117 0
-53 -149 0
-85 -117 0
-85 -149 0
-117 -149 0
-22 -54 0
-22 -86 0
-22 -118 0
-22 -150 0
-54 -86 0
-54 -118 0
-54 -150 0
-86 -118 0
-86 -150 0
-118 -150 0
-23 -55 0
-23 -87 0
-23 -119 0
-23 -151 0
-55 -87 0
-55 -119 0
-55 -151 0
-87 -119 0
-87 -151 0
-119 -151 0
-24 -56 0
-24 -88 0
-24 -120 0
-24 -152 0
-56 -88 0
-56 -120 0
-56 -152 0
-88 -120 0
-88 -152 0
-120 -152 0
-25 -57 0
-25 -89 0
-25 -121 0
-25 -153 0
-57 -89 0
-57 -121 0
-57 -153 0
-89 -121 0
-89 -153 0
-121 -153 0
-26 -58 0
-26 -90 0
-26 -122 0
-26 -154 0
-58 -90 0
-58 -122 0
-58 -154 0
-90 -122 0
-90 -154 0
-122 -154 0
-27 -59 0
-27 -91 0
-27 -123 0
-27 -155 0
-59 -91 0
-59 -123 0
-59 -155 0
-91 -123 0
-91 -155 0
-123 -155 0
-28 -60 0
-28 -92 0
-28 -124 0
-28 -156 0
-60 -92 0
-60 -124 0
-60 -156 0
-92 -124 0
-92 -156 0
-124 -156 0
-29 -61 0
-29 -93 0
-29 -125 0
-29 -157 0
-61 -93 0
-61 -125 0
-61 -157 0
-93 -125 0
-93 -157 0
-125 -157 0
-30 -62 0
-30 -94 0
-30 -126 0
-30 -158 0
-62 -94 0
-62 -126 0
-62 -158 0
-94 -126 0
-94 -158 0
-126 -158 0
-31 -63 0
-31 -95 0
-31 -127 0
-31 -159 0
-63 -95 0
-63 -127 0
-63 -159 0
-95 -127 0
-95 -159 0
-127 -159 0
-32 -64 0
-32 -96 0
-32 -128 0
-32 -160 0
-64 -96 0
-64 -128 0
-64 -160 0
-96 -128 0
-96 -160 0
-128 -160 0
-12 -54 0
-44 -22 0
-12 -86 0
-76 -22 0
-12 -118 0
-108 -22 0
-12 -150 0
-140 -22 0
-44 -86 0
-76 -54 0
-44 -118 0
-108 -54 0
-44 -150 0
-140 -54 0
-76 -118 0
-108 -86 0
-76 -150 0
-140 -86 0
-108 -150 0
-140 -118 0
-24 -61 0
-56 -29 0
-24 -93 0
-88 -29 0
-24 -125 0
-120 -29 0
-24 -157 0
-152 -29 0
-56 -93 0
-88 -61 0
-56 -125 0
-120 -61 0
-56 -157 0
-152 -61 0
-88 -125 0
-120 -93 0
-88 -157 0
-152 -93 0
-120 -157 0
-152 -125 0
